<?xml version="1.0" encoding="UTF-8" standalone="no"?>
<!DOCTYPE svg PUBLIC "-//W3C//DTD SVG 20010904//EN"
              "http://www.w3.org/TR/2001/REC-SVG-20010904/DTD/svg10.dtd">

<svg xmlns="http://www.w3.org/2000/svg"
     width="8.88889in" height="5.55556in"
     viewBox="0 0 640 400">
  <path id="パス #1"
        fill="none" stroke="black" stroke-width="1"
        d="M 143.11,209.61
           C 135.97,245.94 111.36,266.34 77.09,266.34
             40.08,266.34 17.42,241.55 17.42,205.31
             17.42,163.22 43.11,120.75 92.33,120.75
             126.31,120.75 148.38,141.55 148.86,168.30
             148.86,168.89 148.86,169.67 148.86,170.25
             148.86,170.25 124.06,170.25 124.06,170.25
             122.98,153.75 110.78,142.72 91.94,142.72
             58.44,142.72 43.20,174.27 43.20,204.34
             43.20,228.36 55.70,244.47 78.66,244.47
             98.19,244.47 113.61,231.97 117.61,213.42
             117.61,213.42 118.30,209.91 118.30,209.91
             118.30,209.91 84.41,209.91 84.41,209.91
             84.41,209.91 88.52,190.28 88.52,190.28
             88.52,190.28 147.11,190.28 147.11,190.28
             147.11,190.28 143.11,209.61 143.11,209.61 Z
           M 242.50,264.00
           C 242.50,264.00 152.66,264.00 152.66,264.00
             152.66,264.00 182.64,123.09 182.64,123.09
             182.64,123.09 208.03,123.09 208.03,123.09
             208.03,123.09 182.73,241.94 182.73,241.94
             182.73,241.94 247.09,241.94 247.09,241.94
             247.09,241.94 242.50,264.00 242.50,264.00 Z
           M 351.97,264.00
           C 351.97,264.00 260.66,264.00 260.66,264.00
             260.66,264.00 290.64,123.09 290.64,123.09
             290.64,123.09 381.84,123.09 381.84,123.09
             381.84,123.09 377.36,144.86 377.36,144.86
             377.36,144.86 311.53,144.86 311.53,144.86
             311.53,144.86 303.42,182.27 303.42,182.27
             303.42,182.27 365.64,182.27 365.64,182.27
             365.64,182.27 361.34,202.78 361.34,202.78
             361.34,202.78 299.12,202.78 299.12,202.78
             299.12,202.78 290.64,242.23 290.64,242.23
             290.64,242.23 356.36,242.23 356.36,242.23
             356.36,242.23 351.97,264.00 351.97,264.00 Z
           M 420.23,208.05
           C 420.23,208.05 460.17,208.05 460.17,208.05
             460.17,208.05 452.95,149.06 452.95,149.06
             452.95,149.06 452.36,149.06 452.36,149.06
             452.36,149.06 420.23,208.05 420.23,208.05 Z
           M 462.12,227.97
           C 462.12,227.97 409.98,227.97 409.98,227.97
             409.98,227.97 390.06,264.00 390.06,264.00
             390.06,264.00 362.91,264.00 362.91,264.00
             362.91,264.00 443.28,123.09 443.28,123.09
             443.28,123.09 471.89,123.09 471.89,123.09
             471.89,123.09 491.33,264.00 491.33,264.00
             491.33,264.00 466.42,264.00 466.42,264.00
             466.42,264.00 462.12,227.97 462.12,227.97 Z
           M 586.42,123.09
           C 612.30,123.09 630.45,138.81 630.45,163.22
             630.45,197.11 605.56,217.81 570.59,217.81
             570.59,217.81 541.00,217.81 541.00,217.81
             541.00,217.81 531.14,264.00 531.14,264.00
             531.14,264.00 505.75,264.00 505.75,264.00
             505.75,264.00 535.64,123.09 535.64,123.09
             535.64,123.09 586.42,123.09 586.42,123.09 Z
           M 545.30,196.92
           C 545.30,196.92 570.02,196.92 570.02,196.92
             591.11,196.92 604.78,185.00 604.78,165.47
             604.78,151.70 595.20,144.19 579.78,144.19
             579.78,144.19 556.62,144.19 556.62,144.19
             556.62,144.19 545.30,196.92 545.30,196.92 Z" />
</svg>
